17
51
87
121
157
191
226
259
295
329
364
398
430
465
497
531
562
597
628
659
693
723
757
786
818
849
877
909
936
968
998
1025
1058
1084
1112
1142
1166
1195
1223
1246
1275
1301
1321
1345
1371
1389
1407
1431
1452
1467
1481
1497
1516
1531
1542
1550
1557
1561
1562
1563
1564
1565
1566
1567
1568
1569
1571
1779
1780
1781
1782
1783
1784
1785
1786
1787
1788
1789
1790
1791
1792
1793
1794
1795
1796
1797
1798
1799
1800
1801
1802
1803
1804
1805
1806
1807
1808
1809
1810
1811
1812
1813
1814
1815
1816
1817
1818
1819
1820
1821
1822
1823
1824
1825
1826
1827
1828
1829
1830
1831
1832
1833
1834
1835
1836
1837
1838
1839
1840
1841
1842
1843
1844
1845
1846
1847
1848
1849
1850
1851
1852
1853
20
55
91
126
161
196
231
266
300
334
368
401
435
468
501
534
567
600
632
664
696
727
759
790
821
852
883
913
944
974
1004
1034
1064
1093
1122
1151
1180
1209
1237
1265
1293
1320
1347
1374
1401
1428
1454
1480
1506
1531
1556
1581
1606
1630
1654
1678
1702
1726
1749
1772
1795
1817
1839
1861
1883
1904
1925
1946
1967
1988
2008
2028
2048
2067
2086
2105
2124
2142
2160
2178
2196
2213
2230
2247
2264
2281
2297
2313
2329
2344
2359
2374
2389
2403
2417
2431
2445
2458
2471
2484
2497
2509
2521
2533
2545
2556
2567
2578
2589
2599
2609
2619
2629
2638
2647
2656
2665
2673
2681
2689
2697
2704
2711
2718
2724
2730
2736
2742
2747
2752
2757
2761
2765
2769
2773
2776
2779
2782
2785
2787
2789
2791
2792
2793
2794
2795
2796
2797
2798
2799
2800
2801
2802
2803
2804
2805
2806
2807
2808
2809
2810
2811
2812
2813
2814
2815
2816
2817
2818
2819
2820
2821
2822
2823
2824
2825
2826
2827
2828
2829
2830
2831
2832
2833
2834
2835
2836
2837
2838
2839
2840
2841
2842
2843
2844
2845
2846
2847
2848
2849
2850
2851
2852
2853
2854
2855
2856
2857
2858
2859
2860
2861
2862
2863
2864
2865
2866
2867
2868
2869
2870
2871
2872
2873
2874
2875
2876
2877
2878
2879
2880
2881
2882
2883
2884
2885
2886
2887
2888
2889
2890
2891
2892
2893
2894
2895
2896
2897
2898
2899
2900
2901
2902
2903
2904
2905
2906
2907
2908
2909
2910
2911
2912
2913
2914
2915
2916
2917
2918
2919
2920
2921
2922
2923
2924
2925
2926
2927
2928
2929
2930
2931
2932
2933
2934
2935
18
53
88
123
157
191
19
20
54
55
89
90
124
125
158
159
192
193
226
227
260
261
293
294
326
327
359
360
388
402
414
440
449
466
492
495
518
540
544
569
585
594
616
639
655
662
684
706
728
744
750
773
780
795
817
831
839
861
882
882
903
924
933
945
966
984
987
1007
1027
1035
1047
1067
1085
1086
1093
1108
1115
1130
1137
1152
1159
1174
1181
1191
1197
1212
1218
1234
1236
1254
1257
1272
1278
1295
1313
1314
1330
1333
1351
1367
1369
1387
1404
1405
1423
1441
1441
1458
1475
1477
1492
1503
1520
1537
1552
1564
1568
1581
1581
1599
1603
1617
1625
1635
1647
1653
1669
1671
1689
1690
1707
1711
1725
1732
1743
1753
1761
1773
1779
1793
1797
1813
1815
1833
1833
1850
1853
1867
1872
1884
1891
1901
1910
1918
1929
1935
1947
1951
1965
1967
1974
1989
1991
2003
2006
2013
2017
2023
2025
2028
2035
2039
2045
2050
2055
2061
2065
2072
2075
2083
2085
2094
2095
2105
2105
2115
2125
2135
2136
2145
2155
2156
2156
2157
2158
2159
2160
2161
2162
2163
2164
2164
2173
2174
2182
2184
2185
2185
2187
2189
2191
2193
2195
2197
2197
2201
2205
2206
2209
2213
2215
2217
2221
2224
2225
2229
2230
2230
2232
2233
2234
2235
2235
2236
2236
2241
2243
2245
2246
2247
2248
2248
2251
2251
2255
2256
2259
2261
2263
2266
2267
2271
2271
2275
2276
2279
2280
2280
2283
2287
2291
2295
2295
2296
2298
2300
2302
2304
2306
2308
2310
2312
2313
2314
2314
2315
2316
2316
2317
2318
2318
2319
2320
2320
2321
2322
2322
2323
2324
2325
2326
2327
2328
2329
2330
2331
2332
2333
2334
2335
2336
2337
2338
2339
2340
2341
2342
2343
2344
2345
2346
2347
2348
2349
2350
2351
2352
2353
2354
2355
2356
2357
2358
2359
2360
2361
2362
2362
2363
2363
2364
2364
2365
2365
2366
2366
2367
2367
2368
2368
2369
2369
2370
2370
2371
2371
2372
2372
2373
2373
2374
2374
2375
2375
2376
2376
2377
2377
2378
2378
2379
2379
2380
2380
2381
2381
2382
2382
2383
2383
2384
2384
2385
2385
2386
2386
2387
2387
2388
2388
2389
2389
2390
2390
2391
2391
2392
2392
2393
2393
2394
2394
2395
2395
2396
2396
2397
2397
2398
2398
2399
2399
2400
2400
2401
2401
2402
2402
2403
2403
2404
2404
2405
2405
2406
2406
2407
2407
2408
2408
2409
2409
2410
2410
2411
2411
2412
2412
2413
2413
2414
2414
2415
2415
2416
2416
2417
2417
2418
2418
2419
2419
2420
2420
2421
2421
2422
2422
2423
2423
2424
2424
2425
2425
2426
2426
2427
2427
2428
2428
2429
2429
2430
2430
2431
2431
2432
2432
2433
2433
2434
2434
2435
2435
2436
2436
2437
2437
2438
2438
2439
2439
2440
2440
2441
2441
2442
2442
2443
2443
2444
2444
2445
2445
2446
2446
2447
2447
2448
2448
2449
2449
2450
2450
2451
2451
2452
2452
2453
2453
2454
2454
2455
2455
2456
2456
2457
2457
2458
2458
2459
2459
2460
2460
2461
2461
2462
2462
2463
2463
2464
2464
2465
2465
2466
2466
2467
2467
2468
2468
2469
2469
2470
2470
2471
2471
2472
2472
2473
2473
2474
2474
2475
2475
2476
2476
2477
2477
2478
2478
2479
2479
2480
2480
2481
2481
2482
2482
2483
2483
2484
2484
2485
2485
2486
2486
2487
2487
2488
2488
2489
2489
2490
2490
2491
2491
2492
2492
2493
2493
2494
2494
2495
2495
2496
2496
2497
2497
2498
2498
2499
2499
2500
2500
2501
2501
2502
2502
2503
2503
2504
2504
2505
2505
2506
2506
2507
2507
2508
2508
2509
2509
16
17
51
52
86
87
121
121
155
155
189
189
223
223
253
259
283
298
312
337
341
368
376
397
413
426
450
454
482
486
510
522
538
558
566
589
601
614
633
653
660
679
689
699
717
736
739
761
779
789
803
821
834
847
856
872
879
892
892
916
918
933
939
949
964
977
994
998
1013
1014
1029
1032
1048
1057
1059
1073
1083
1085
1098
1109
1111
1120
17
20
52
55
87
90
122
124
156
159
189
192
221
224
255
256
283
304
305
321
328
343
351
365
374
387
397
409
420
431
442
464
477
490
513
517
540
549
567
581
588
608
616
636
651
661
681
694
705
724
731
748
769
770
785
790
805
820
829
836
853
858
872
879
894
895
914
918
928
937
951
953
966
976
981
991
1003
1016
1023
1036
1036
1048
1058
1068
1079
1083
1091
1097
1109
1112
1117
1127
1136
1145
1154
1160
1163
1171
1179
1187
1194
1202
1208
1209
1216
1223
1229
1235
1242
1248
1254
1254
1260
1265
1270
1276
1281
1286
1287
1291
1295
1299
1303
1307
1310
1314
1315
1317
1321
1324
1327
1329
1332
1334
1337
1339
1341
1342
1344
1345
1347
1348
1349
1349
1350
1350
1351
1351
1352
1352
1353
1353
1354
1354
1355
1355
16
20
51
55
86
90
121
124
156
158
188
198
212
223
238
248
264
273
289
292
315
316
333
342
362
366
396
396
420
443
445
466
485
502
18
20
53
55
87
90
121
125
155
160
188
195
221
229
254
263
287
297
319
331
351
365
383
399
415
432
446
465
477
498
508
531
539
562
571
590
600
615
637
654
673
681
685
692
702
705
711
715
733
749
765
773
16
16
51
51
85
86
118
121
148
162
178
203
208
234
256
260
17
18
52
62
92
100
132
146
163
194
204
230
245
268
284
306
322
344
359
383
394
424
424
456
461
489
515
535
547
578
588
611
642
644
675
699
701
729
747
759
789
813
830
848
866
875
899
908
920
921
931
942
945
954
977
989
1016
1023
1045
1065
1078
1091
1108
1118
1135
1154
1165
1181
1181
1209
1219
1236
1254
1268
1289
1294
1309
1314
1333
1336
1356
1357
1372
1382
1397
1409
1425
1435
1450
1462
1475
1487
1500
1512
1524
1528
1536
1547
1559
1570
1581
1592
1601
1606
1612
1621
1629
1638
1647
1655
1664
1672
1679
1687
1688
1695
1702
1708
1715
1721
1727
1733
1739
1744
1748
1753
1758
1762
1766
1768
1770
1773
1776
1779
1781
1783
1784
1786
1788
1790
1791
1791
1792
1792
1793
1793
1794
1794
1795
1795
1796
1796
1797
1797
1798
1798
1799
1799
1800
1800
1801
1801
1802
1802
1803
1803
1804
1804
1805
1805
1806
1806
1807
1807
1808
1808
1809
1809
1810
1810
1811
1811
1812
1812
1813
1813
1814
1814
1815
1815
1816
1816
1817
1817
1818
1818
1819
1819
1820
1820
1821
1821
1822
1822
1823
1823
1824
1824
1825
1825
1826
1826
1827
1827
1828
1828
1829
1829
1830
1830
1831
1831
1832
1832
1833
1833
1834
1834
1835
1835
1836
1836
1837
1837
1838
1838
1839
1839
1840
1840
1841
1841
1842
1842
1843
1843
1844
1844
1845
1845
1846
1846
1847
1847
1848
1848
1849
1849
1850
1850
1851
1851
1852
1852
1853
1853
1854
1854
1855
1855
1856
1856
1857
1857
1858
1858
1859
1859
1860
1860
1861
1861
1862
1862
1863
1863
1864
1864
1865
1865
1866
1866
17
19
52
66
85
117
124
149
180
182
211
241
256
270
299
327
354
361
381
408
433
461
490
502
520
549
554
583
600
617
648
648
59
59
177
177
294
294
410
410
525
525
639
639
59
59
177
177
294
294
410
410
59
59
177
177
294
294
410
410
525
525
639
639
753
753
867
867
980
980
1093
1093
1206
1206
1318
1318
1429
1429
1539
1539
1648
1648
1757
1757
1862
1862
1961
1961
2053
2053
2140
2140
2223
2223
2302
2302
2377
2377
2448
2448
2515
2515
2578
2578
2639
2639
2698
2698
2755
2755
2810
2810
2863
2863
2914
2914
2964
2964
3012
3012
3058
3058
3102
3102
3144
3144
3184
3184
3223
3223
3260
3260
3296
3296
3330
3330
3363
3363
3395
3395
3425
3425
3454
3454
3482
3482
3508
3508
3533
3533
3557
3557
3579
3579
3600
3600
3620
3620
3639
3639
3657
3657
3673
3673
3689
3689
3703
3703
3717
3717
3729
3729
3741
3741
3751
3751
3760
3760
3768
3768
55
60
163
183
264
314
374
397
466
506
562
612
674
734
793
806
876
899
4
8
9
9
10
10
11
11
12
12
13
13
14
14
15
15
16
16
17
17
18
18
19
19
20
20
21
21
22
22
23
23
24
24
24
25
25
25
26
26
26
27
27
27
27
28
28
28
29
29
29
30
30
30
31
31
31
32
32
33
33
33
34
34
34
35
35
35
36
36
37
37
37
38
38
38
39
39
39
40
40
41
41
42
42
43
43
44
44
44
45
45
46
46
47
47
48
48
49
49
50
50
51
51
52
52
53
53
54
54
55
55
56
56
57
57
58
58
59
59
60
61
61
62
63
63
64
65
67
68
69
69
70
71
72
73
74
75
76
76
77
77
78
78
79
79
80
80
81
81
82
82
83
84
84
84
85
86
86
86
87
87
88
88
88
89
89
89
90
90
90
90
91
91
91
92
92
92
93
93
93
94
94
94
94
95
95
95
96
96
96
97
97
97
97
98
98
98
99
99
99
100
100
100
100
101
101
101
102
102
103
103
103
104
104
104
105
105
105
106
106
106
107
107
107
108
108
108
108
109
109
109
110
110
110
111
111
111
112
112
112
113
113
113
114
114
114
114
115
115
115
116
116
116
117
117
117
118
118
118
119
119
119
120
120
120
121
121
121
122
122
122
123
123
123
123
124
124
124
124
125
125
125
126
126
126
127
127
127
128
128
129
129
129
130
130
130
130
131
131
131
132
132
133
133
133
134
134
135
135
135
136
136
136
136
137
137
137
138
138
138
139
139
139
140
140
140
141
141
141
141
142
142
143
143
144
144
145
145
146
146
146
147
147
148
148
149
149
150
150
151
151
152
152
153
153
154
154
155
155
155
156
156
157
157
158
158
158
159
159
160
160
161
161
162
162
163
163
164
164
165
165
166
166
167
167
167
168
168
169
169
170
170
171
171
172
172
173
173
174
175
175
176
177
177
178
179
179
180
181
181
181
182
183
183
183
184
185
185
186
186
187
187
188
191
192
192
193
195
196
1
1
1
1
1
1
1
1
2
2
2
2
1
1
1
1
1
1
1
2
3
3
3
4
4
4
5
5
5
5
6
6
6
6
7
7
7
7
8
8
8
9
9
9
9
10
10
10
10
11
11
11
11
12
12
12
13
13
13
13
14
14
14
15
15
15
15
15
16
16
16
17
17
17
17
18
18
18
19
19
19
19
20
20
20
21
21
21
21
21
22
22
22
23
23
23
23
24
24
24
25
25
25
26
26
27
27
28
28
28
29
29
30
30
31
31
32
32
33
33
33
33
34
34
35
35
36
36
36
37
37
38
38
39
39
40
40
41
41
41
42
42
43
43
43
44
44
44
45
45
46
46
47
47
48
48
49
49
50
51
52
53
54
55
55
56
57
58
59
60
61
62
62
62
63
63
65
66
67
70
73
76
78
78
79
80
86
87
89
90
90
95
97
97
99
100
102
102
102
104
105
107
108
112
112
114
115
116
117
117
120
122
123
125
126
126
127
129
130
131
132
132
133
134
135
135
136
137
138
139
140
141
141
142
143
143
145
146
147
147
148
148
149
149
149
149
150
150
150
151
151
152
152
153
153
154
154
155
155
156
156
157
157
158
158
1
1
1
1
1
1
1
1
2
2
2
2
2
2
2
3
3
3
3
3
3
4
4
4
4
4
5
5
5
5
5
6
6
6
6
6
7
7
7
7
7
8
8
8
8
8
9
9
9
9
9
10
10
10
10
10
11
11
11
11
11
12
12
12
12
12
13
13
13
13
13
14
14
14
14
14
15
15
15
15
15
16
16
16
16
16
17
17
17
17
17
18
18
18
18
19
19
19
19
20
20
20
20
21
21
21
21
22
22
22
22
23
23
23
23
24
24
24
24
25
25
25
25
26
26
26
26
27
27
27
27
28
28
28
28
29
29
29
29
30
30
30
30
31
31
31
31
32
32
32
32
33
33
33
33
34
34
34
34
35
35
35
35
36
36
36
36
37
37
37
37
38
38
38
38
39
39
39
39
40
40
40
40
41
41
41
41
42
42
42
42
43
43
43
43
44
44
44
44
45
45
45
45
46
46
46
46
47
47
47
47
48
48
48
48
49
49
49
49
50
50
50
50
51
51
51
51
52
52
52
52
53
53
53
53
54
54
54
54
55
55
55
55
56
56
56
56
57
57
57
58
58
58
58
59
59
59
59
60
60
60
60
61
61
61
61
62
62
62
62
63
63
63
63
64
64
64
64
65
65
65
65
66
66
66
66
67
67
67
67
68
68
68
68
69
69
69
69
70
70
70
70
71
71
71
71
72
72
72
72
73
73
73
73
74
74
74
74
75
75
75
75
76
76
76
77
77
77
78
78
78
79
79
79
80
80
80
81
81
81
82
82
82
83
83
83
84
84
84
85
85
85
86
86
86
87
87
87
88
88
88
89
89
89
90
90
90
91
91
91
92
92
92
93
93
93
94
94
94
95
95
95
96
96
96
97
97
97
98
98
98
99
99
99
100
100
100
101
101
101
102
102
102
103
103
103
1
1
1
1
1
1
1
1
2
2
2
2
2
2
3
3
3
3
3
4
4
4
4
5
5
5
5
6
6
6
6
6
7
7
7
7
7
8
8
8
8
8
9
9
9
9
9
10
10
10
10
10
11
11
11
11
11
12
12
12
12
12
13
13
13
13
13
14
14
14
14
15
15
15
15
15
16
16
16
16
17
17
17
17
18
18
18
18
19
19
19
19
20
20
20
20
21
21
21
21
22
22
22
22
23
23
23
23
24
24
24
24
25
25
25
25
26
26
26
26
27
27
27
27
28
28
28
28
29
29
29
29
30
30
30
30
31
31
31
31
31
32
32
32
32
32
33
33
33
33
34
34
34
34
34
35
35
35
35
35
36
36
36
36
36
37
37
37
37
37
38
38
38
38
38
39
39
39
39
39
40
40
40
40
40
41
41
41
41
41
42
42
42
42
42
43
43
43
43
43
44
44
44
44
44
45
45
45
45
45
46
46
46
46
46
47
47
47
47
47
48
48
48
48
48
49
49
49
49
49
50
50
50
50
50
51
51
51
51
51
52
52
52
52
52
53
53
53
53
53
54
54
54
54
54
55
55
55
55
56
56
56
56
57
57
57
57
58
58
58
58
59
59
59
59
60
60
60
60
61
61
61
61
62
62
62
62
63
63
63
63
64
64
64
64
65
65
65
65
66
66
66
66
67
67
67
67
68
68
68
68
69
69
69
69
70
70
70
70
71
71
71
71
72
72
72
72
73
73
73
73
74
74
74
74
75
75
75
75
76
76
76
76
77
77
77
77
78
78
78
78
79
79
79
79
80
80
80
80
81
81
81
81
82
82
82
82
83
83
83
83
84
84
84
84
85
85
85
85
1
1
1
2
2
2
3
3
3
4
4
4
5
5
5
6
6
6
7
7
7
8
8
8
9
9
9
10
10
10
11
11
11
12
12
13
14
14
15
15
16
16
17
18
18
19
19
19
20
20
20
21
21
21
22
22
22
23
23
23
24
24
24
25
25
25
26
26
26
27
27
27
28
28
28
29
29
29
30
30
30
31
31
31
32
32
32
33
33
33
34
34
34
35
35
35
36
36
36
37
37
37
38
38
38
39
39
39
40
40
40
41
41
41
42
42
42
43
43
43
44
44
44
45
45
45
46
46
46
47
47
47
48
48
48
49
49
49
50
50
50
51
51
51
52
52
52
53
53
53
54
54
54
55
55
55
56
56
56
57
57
57
58
58
58
59
59
59
60
60
60
61
61
61
62
62
62
63
63
63
64
64
65
65
65
66
66
66
67
67
67
68
68
68
69
69
69
70
70
70
71
71
71
72
72
72
73
73
73
74
74
74
75
75
75
76
76
76
77
77
77
78
78
78
79
79
79
80
80
80
81
81
81
82
82
82
83
83
83
84
84
84
85
85
85
86
86
86
87
87
87
88
88
88
1
1
1
2
2
2
3
3
3
4
4
4
5
5
5
6
6
6
7
7
7
8
8
8
9
9
9
10
10
10
11
11
11
12
12
13
14
14
15
15
16
16
17
18
18
19
19
19
20
20
20
21
21
21
22
22
22
23
23
23
24
24
24
25
25
25
26
26
26
27
27
27
28
28
28
29
29
29
30
30
30
31
31
31
32
32
32
33
33
33
34
34
34
35
35
35
36
36
36
37
37
37
38
38
38
39
39
39
40
40
40
41
41
41
42
42
42
43
43
43
44
44
44
45
45
45
46
46
46
47
47
47
48
48
48
49
49
49
50
50
50
51
51
51
52
52
52
53
53
53
54
54
54
55
55
55
56
56
56
57
57
57
58
58
58
59
59
59
60
60
60
61
61
61
62
62
62
63
63
63
64
64
65
65
65
66
66
66
67
67
67
68
68
68
69
69
69
70
70
70
71
71
71
72
72
72
73
73
73
74
74
74
75
75
75
76
76
76
77
77
77
78
78
78
79
79
79
80
80
80
81
81
81
82
82
82
83
83
83
84
84
84
85
85
85
86
86
86
87
87
87
88
88
88
89
89
89
90
90
90
91
91
91
92
92
92
93
93
93
94
94
94
95
95
95
96
96
96
97
97
97
98
98
98
99
99
99
100
100
100
101
101
101
102
102
102
103
103
103
104
104
104
105
105
105
106
106
106
17
17
17
17
17
17
17
17
52
52
52
52
52
52
52
52
86
86
86
86
86
86
86
86
119
119
120
120
120
120
120
121
146
148
152
152
157
158
161
168
171
177
182
185
189
190
196
203
206
210
212
212
217
224
228
234
234
237
241
241
245
248
251
252
253
257
266
270
270
273
277
279
283
283
289
295
296
304
308
308
313
313
314
322
322
325
334
338
341
342
342
352
356
357
357
358
364
375
375
381
17
17
17
17
17
17
17
17
52
52
52
52
52
52
52
52
86
86
86
86
86
86
86
86
120
120
120
120
120
120
120
120
151
151
151
151
151
151
151
151
178
178
178
178
189
189
189
189
205
205
205
205
228
228
228
228
240
240
240
240
252
254
255
256
259
267
268
277
277
278
280
281
285
290
298
301
302
302
303
304
309
313
319
324
325
329
329
330
17
17
17
17
17
17
17
17
52
52
52
52
52
52
52
52
86
86
86
86
86
86
86
86
17
17
17
17
17
17
17
17
51
51
51
51
51
51
51
51
85
85
85
85
85
85
85
85
115
116
117
118
119
120
120
120
140
146
148
149
150
156
161
162
174
174
175
182
187
188
193
198
202
202
204
206
207
213
221
224
225
225
226
235
239
242
246
251
252
255
262
264
265
271
273
273
275
282
284
288
290
294
298
302
304
308
309
310
310
313
314
322
326
328
330
331
331
335
336
341
342
342
344
346
354
356
364
364
364
367
372
372
17
17
17
17
17
17
17
17
51
51
51
51
51
51
51
51
85
85
85
85
85
85
85
85
115
116
117
118
119
120
120
120
140
146
148
149
150
156
161
162
174
174
175
182
187
188
193
198
202
202
204
206
207
213
221
224
225
225
226
235
239
242
137
137
137
137
137
137
137
137
410
410
410
410
410
410
410
410
681
681
681
681
681
681
681
681
937
939
945
945
949
952
952
958
1154
1161
1162
1196
1225
1227
1351
1362
1375
1392
1396
1421
1507
1510
1537
1565
1576
1582
1592
1623
1725
1733
1747
1759
1777
1815
1821
1846
1882
1924
1934
1973
97
97
97
97
97
97
97
97
291
291
291
291
291
291
291
291
484
484
484
484
484
484
484
484
658
667
669
672
674
674
678
682
804
834
843
859
876
909
931
955
970
981
1023
1057
1063
1088
1100
1136
1198
1199
1218
1219
1231
1255
1305
1325
1336
1344
1375
1409
1460
1486
1495
1497
1507
1528
1553
1557
1575
1579
1599
1611
1632
1676
1678
1692
1725
1755
1765
1771
1803
1806
1833
1849
1871
1918
1924
1927
1929
1936
1981
2015
2032
2067
2081
2084
2092
2127
2139
2140
2141
2142
2143
2144
2145
2146
2147
2148
2149
2150
2151
2152
2153
2154
2155
2156
2157
2158
2159
2168
2184
2213
2214
97
97
97
97
97
97
97
97
291
291
291
291
291
291
291
291
484
484
484
484
484
484
484
484
657
660
665
668
669
669
669
673
808
819
97
97
97
97
97
97
97
97
291
291
291
291
291
291
291
291
484
484
484
484
484
484
484
484
657
660
665
668
669
669
669
673
808
819
844
852
860
878
890
921
969
992
1005
1035
1036
1096
1121
97
97
97
97
97
97
97
97
291
291
291
291
291
291
291
291
484
484
484
484
484
484
484
484
97
97
97
97
97
97
97
97
290
290
290
290
290
290
290
290
482
482
482
482
482
482
482
482
656
660
663
666
666
667
667
667
807
822
97
97
97
97
97
97
97
97
290
290
290
290
290
290
290
290
482
482
482
482
482
482
482
482
13
13
13
13
13
13
13
13
40
40
40
40
40
40
40
40
67
67
67
67
67
67
67
67
91
92
92
92
92
92
93
94
110
112
114
118
119
121
127
127
129
131
136
136
142
149
150
150
151
151
155
156
157
157
160
161
164
165
166
168
171
171
171
171
173
176
178
178
179
180
182
183
184
186
186
188
189
190
190
193
195
197
197
197
198
198
201
204
204
205
207
207
208
208
210
212
212
213
215
215
216
217
218
219
221
221
221
41
41
41
41
41
41
41
41
123
123
123
123
123
123
123
123
205
205
205
205
205
205
205
205
277
280
282
283
284
284
285
285
338
347
352
354
365
373
396
398
399
399
411
440
442
447
451
474
474
477
489
493
507
510
517
537
540
548
549
559
565
568
597
598
609
610
617
622
629
638
643
651
655
679
683
693
695
695
697
710
711
719
725
730
739
741
742
744
747
749
756
761
771
772
773
774
775
776
777
778
778
778
779
780
781
781
782
783
783
784
785
786
787
788
789
790
791
792
792
793
794
795
796
797
798
799
82
82
82
82
82
82
82
82
246
246
246
246
246
246
246
246
27
27
27
27
27
27
27
27
80
80
80
80
80
80
80
80
133
133
133
133
133
133
133
133
179
182
182
183
186
187
187
187
221
229
231
232
239
247
247
260
262
268
274
290
292
293
295
302
312
28
28
28
28
28
28
28
28
83
83
83
83
83
83
83
83
137
137
137
137
137
137
137
137
184
187
188
190
191
192
193
194
226
232
234
235
241
251
253
265
273
276
283
284
298
299
56
56
56
56
56
56
56
56
166
166
166
166
166
166
166
166
276
276
276
276
276
276
276
276
368
374
380
385
385
388
390
391
443
459
56
56
56
56
56
56
56
56
166
166
166
166
166
166
166
166
276
276
276
276
276
276
276
276
368
374
380
385
385
388
390
391
443
459
481
488
494
511
535
542
56
56
56
56
56
56
56
56
166
166
166
166
166
166
166
166
276
276
276
276
276
276
276
276
368
374
380
385
386
388
390
392
453
459
477
485
488
500
511
515
