19
56
93
130
167
204
241
278
315
352
389
426
463
500
537
574
611
648
685
722
759
796
833
870
907
944
981
1018
1055
1092
1129
1166
1203
1240
1277
19
53
84
113
139
163
185
205
224
241
257
271
284
296
307
317
326
335
343
350
357
363
369
19
56
93
130
167
204
241
278
315
352
389
426
463
19
53
84
113
139
19
56
93
130
167
204
241
278
315
352
389
426
463
500
537
574
611
19
56
93
130
19
19
56
56
93
93
130
130
167
167
204
204
241
241
278
278
19
19
56
56
93
93
130
130
167
167
13001
13001
32732
32732
68001
68001
85021
85021
19
19
19
19
56
56
93
93
130
130
167
167
204
204
241
241
19
19
56
56
93
93
19
19
56
56
93
93
19
19
56
56
93
93
130
130
167
167
204
204
19
19
56
56
93
93
130
130
19
19
56
56
19
19
19
19
19
19
56
56
93
93
130
130
167
167
204
204
241
241
278
278
315
315
352
352
389
389
426
426
463
463
500
500
537
537
574
574
611
611
648
648
685
685
722
722
759
759
796
796
833
833
19
19
56
56
93
93
130
130
167
167
204
204
241
241
19
19
56
56
93
93
130
130
167
167
204
204
241
241
278
278
315
315
352
352
389
389
426
426
463
463
500
500
537
537
574
574
611
611
648
648
685
685
722
722
19
56
19
